%YAML:1.0

#--------------------------------------------------------------------------------------------
# Camera Parameters. Adjust them!
#--------------------------------------------------------------------------------------------
Camera.type: "KannalaBrandt8"
# {"intrinsics": [[184.154464277692, 0.0, 316.67743015736147], [0.0, 184.6564527343103, 228.72748497863157], [0.0, 0.0, 1.0]], 
# "distortion": [[0.077580111604426], [-0.05514079198564283], [0.01565111217616873], [-0.0017788274215453732]]}
# Left Camera calibration and distortion parameters (OpenCV)
Camera.fx: 184.154464277692
Camera.fy: 184.6564527343103
Camera.cx: 316.67743015736147
Camera.cy: 228.72748497863157

# Kannala-Brandt distortion parameters
Camera.k1: 0.077580111604426
Camera.k2: 0.05514079198564283
Camera.k3: -0.01565111217616873
Camera.k4: 0.0017788274215453732

# Camera resolution
Camera.width: 640
Camera.height: 480

# Camera frames per second 
Camera.fps: 5.0

# Color order of the images (0: BGR, 1: RGB. It is ignored if images are grayscale)
Camera.RGB: 1

# Close/Far threshold. Baseline times.
ThDepth: 40.0
Camera.bf: 19.3079


# Transformation from body-frame (imu) to camera
Tbc: !!opencv-matrix
   rows: 4
   cols: 4
   dt: f
   data: [-0.9995250378696743, 0.0075019185074052044, -0.02989013031643309, 0.045574835649698026, 
          0.029615343885863205, -0.03439736061393144, -0.998969345370175, -0.071161801837997044,
         -0.008522328211654736, -0.9993800792498829, 0.03415885127385616, -0.044681254117144367,
          0.0, 0.0, 0.0, 1.0]

# IMU noise (Use those from VINS-mono)
IMU.NoiseGyro: 0.00016 # 0.004 (VINS) # 0.00016 (TUM) # 0.00016    # rad/s^0.5 
IMU.NoiseAcc: 0.0028 # 0.04 (VINS) # 0.0028 (TUM) # 0.0028     # m/s^1.5
IMU.GyroWalk: 0.000022 # 0.000022 (VINS and TUM) rad/s^1.5
IMU.AccWalk: 0.00086 # 0.0004 (VINS) # 0.00086 # 0.00086    # m/s^2.5
IMU.Frequency: 200

#--------------------------------------------------------------------------------------------
# ORB Parameters
#--------------------------------------------------------------------------------------------

# ORB Extractor: Number of features per image
ORBextractor.nFeatures: 1000 # Tested with 1250

# ORB Extractor: Scale factor between levels in the scale pyramid 	
ORBextractor.scaleFactor: 1.2

# ORB Extractor: Number of levels in the scale pyramid	
ORBextractor.nLevels: 8

# ORB Extractor: Fast threshold
# Image is divided in a grid. At each cell FAST are extracted imposing a minimum response.
# Firstly we impose iniThFAST. If no corners are detected we impose a lower value minThFAST
# You can lower these values if your images have low contrast			
ORBextractor.iniThFAST: 20 # 20
ORBextractor.minThFAST: 7 # 7

#--------------------------------------------------------------------------------------------
# Viewer Parameters
#--------------------------------------------------------------------------------------------
Viewer.KeyFrameSize: 0.05
Viewer.KeyFrameLineWidth: 1
Viewer.GraphLineWidth: 0.9
Viewer.PointSize: 2
Viewer.CameraSize: 0.08
Viewer.CameraLineWidth: 3
Viewer.ViewpointX: 0
Viewer.ViewpointY: -0.7
Viewer.ViewpointZ: -3.5
Viewer.ViewpointF: 500
